1	1	0	0	0	1	1	0
1	2	0	0	1	1	1	0
1	3	0	0	1	1	1	0
1	4	0	1	1	1	1	0
1	5	0	0	0	1	1	0
1	6	0	0	0	1	1	0
1	7	0	0	0	1	1	0
1	8	0	0	0	0	1	0
2	9	0	0	0	0	0	1
2	10	0	0	0	0	0	1
2	11	0	0	0	1	0	1
2	12	0	0	0	0	0	1
3	13	0	0	0	1	1	1
4	14	0	0	0	0	0	0
5	15	0	0	0	0	0	0
5	16	0	0	0	0	0	0
5	17	0	0	0	0	0	0
5	18	0	0	0	0	0	0
5	19	0	0	0	0	0	0
6	20	0	0	0	1	0	0
7	21	0	0	0	1	0	0
8	22	0	0	0	0	0	0
9	23	0	0	0	0	1	0
9	24	0	0	0	0	1	0
10	25	0	0	0	0	0	0
11	26	0	0	0	0	0	0
11	27	0	0	0	1	0	0
11	28	0	0	0	0	0	0
12	29	0	0	0	0	0	0
12	30	0	0	0	1	0	0
12	31	0	0	0	1	0	0
12	32	0	0	0	0	0	0
13	33	0	0	0	1	1	0
14	34	0	0	0	0	0	0
15	35	0	0	0	0	0	0
16	36	0	0	0	0	0	0
17	37	0	0	0	0	0	0
17	38	0	0	0	0	0	0
18	39	0	0	0	0	0	0
18	40	0	0	0	0	0	0
19	41	0	0	0	0	0	0
20	42	0	0	0	1	0	1
21	43	0	0	0	0	0	0
22	44	0	0	0	1	0	1
22	45	0	0	0	1	1	0
23	46	1	0	0	0	0	0
24	47	0	1	0	0	0	0
25	48	0	0	0	0	0	0
26	49	0	0	0	0	0	0
27	50	0	0	0	0	0	0
28	51	0	1	1	1	0	0
29	52	0	0	0	1	0	0
30	53	0	0	0	0	0	0
30	54	0	0	0	0	0	0
30	55	0	0	0	0	0	0
30	56	0	0	0	1	0	0
31	57	0	0	0	0	0	0
32	58	0	0	0	0	0	0
32	59	0	0	0	0	0	0
33	60	0	0	0	0	0	0
34	61	0	0	1	1	1	0
35	62	0	0	0	0	0	0
36	63	0	0	0	0	0	0
36	64	0	0	0	0	0	0
37	65	0	0	0	0	1	1
37	66	0	0	0	0	1	1
37	67	0	0	0	0	1	1
37	68	0	0	0	0	1	1
38	69	0	0	0	0	0	0
39	70	0	1	1	1	0	0
40	71	0	0	0	1	0	0
40	72	0	0	0	1	0	0
41	73	0	0	0	0	0	0
41	74	0	0	0	0	0	0
42	75	0	0	1	0	1	0
43	76	0	0	0	1	0	0
43	77	0	0	1	1	0	1
43	78	0	0	0	0	0	0
44	79	0	0	0	0	0	0
44	80	0	0	0	0	0	0
44	81	0	0	0	0	0	0
44	82	0	0	0	0	0	0
44	83	0	0	0	0	0	0
44	84	0	0	0	0	0	0
45	85	0	0	0	0	0	0
46	86	0	0	0	0	0	0
47	87	0	0	0	0	0	0
48	88	0	0	0	0	0	0
49	89	0	0	0	1	0	1
50	90	0	0	0	1	0	0
51	91	0	0	0	1	0	0
52	92	0	1	0	1	1	0
53	93	0	0	0	1	0	0
54	94	0	0	1	0	0	0
55	95	0	1	1	0	0	0
56	96	1	1	1	1	0	0
58	104	0	0	0	0	0	0
59	105	0	0	0	0	0	0
59	106	0	0	0	0	0	0
60	107	0	0	0	0	0	0
60	108	0	0	0	0	0	0
61	109	0	0	0	0	0	0
62	110	0	0	0	0	1	0
63	111	0	0	0	0	1	0
63	112	0	0	0	1	1	1
63	113	0	0	0	0	1	0
63	114	0	1	0	0	1	0
63	115	0	1	0	0	1	0
63	116	0	1	1	1	1	1
63	117	0	0	0	0	1	0
63	118	0	0	1	1	1	1
63	119	0	0	0	0	1	0
64	120	0	0	0	0	0	0
65	121	0	0	0	0	0	0
66	122	0	0	0	0	0	0
67	123	0	0	0	1	0	0
68	124	0	0	0	0	0	0
69	125	0	0	0	1	1	0
69	126	0	0	0	1	1	0
70	127	0	0	0	0	0	0
71	128	0	0	0	1	0	0
71	129	0	0	0	0	0	0
72	130	0	0	0	0	0	0
72	131	0	0	0	0	0	0
72	132	0	0	0	0	0	0
72	133	0	0	0	0	0	0
73	134	0	0	0	0	0	0
74	135	0	0	0	0	0	0
75	136	0	0	0	0	0	0
76	137	0	0	0	1	0	0
77	138	0	0	0	0	0	0
78	139	0	0	0	0	0	0
79	140	0	0	0	1	0	0
79	141	0	0	0	0	0	0
80	142	0	0	0	0	0	0
80	143	0	0	0	0	0	0
81	144	0	0	0	0	0	0
82	145	0	0	0	0	0	0
83	146	0	0	0	0	0	0
84	147	0	0	0	1	0	0
84	148	0	0	0	0	0	0
85	149	0	0	0	1	0	0
86	150	0	0	0	0	0	0
87	151	0	0	0	0	1	0
87	152	0	0	0	0	1	1
87	153	0	0	0	1	0	0
87	154	0	0	0	0	0	0
88	155	0	0	0	0	1	0
89	156	0	0	0	0	0	0
90	157	0	0	0	0	0	0
91	158	0	0	0	0	1	0
91	159	0	0	0	0	1	0
92	160	0	0	0	0	1	0
93	161	0	0	0	1	0	0
94	162	0	0	0	0	0	0
95	163	0	0	0	0	0	0
96	164	0	0	0	0	0	0
96	165	0	0	0	0	0	0
97	166	0	0	0	0	0	0
97	167	0	0	0	0	0	0
97	168	0	0	0	0	0	0
98	169	0	0	0	1	0	0
99	170	0	0	0	1	0	0
99	171	0	0	0	0	0	0
99	172	0	0	0	0	0	0
100	173	0	0	0	0	0	0
101	174	0	0	0	1	0	0
102	175	0	0	0	0	0	0
103	176	0	0	0	0	0	0
103	177	0	0	0	0	0	0
104	178	0	0	0	0	0	0
105	179	0	0	0	1	0	0
106	180	0	0	0	1	0	0
106	181	0	0	0	1	0	0
106	182	0	0	0	1	0	0
106	183	0	0	0	0	0	0
106	184	0	0	0	0	0	0
107	185	0	0	0	1	0	0
108	186	0	0	0	1	0	0
109	187	0	1	0	0	0	0
110	188	0	0	0	0	0	0
111	189	0	0	0	0	0	0
111	190	0	0	0	0	0	0
111	191	0	0	0	0	0	0
111	192	0	0	0	0	0	0
112	193	0	0	0	0	0	0
113	194	0	0	0	0	0	0
114	195	1	1	1	1	1	0
115	196	0	0	0	0	0	0
116	197	0	0	0	0	0	0
117	198	0	0	0	0	0	0
118	199	0	0	1	1	0	0
119	200	0	0	0	1	1	0
120	201	0	0	0	0	0	0
121	202	0	0	0	0	0	0
122	203	0	0	0	0	0	0
123	204	0	0	0	0	0	0
124	205	0	0	0	1	1	0
124	206	0	0	0	1	1	0
125	207	0	0	0	0	0	0
126	208	0	0	0	1	0	0
126	209	0	0	0	0	0	0
127	210	0	0	0	0	0	0
127	211	0	0	0	0	0	0
127	212	0	0	0	0	0	0
128	213	1	0	0	1	0	0
128	214	0	0	0	1	0	0
129	215	0	0	0	1	0	0
129	216	0	0	0	1	0	0
130	217	0	1	1	1	1	0
131	218	0	0	0	0	0	0
132	219	0	0	0	0	1	0
133	220	0	0	0	1	1	0
134	221	0	0	0	0	0	0
135	222	0	0	0	0	0	0
136	223	0	0	0	0	0	0
137	224	0	0	0	0	0	0
138	225	0	0	0	0	0	0
139	226	0	0	0	0	0	0
140	227	0	0	0	0	0	0
141	228	0	0	0	1	0	0
142	229	0	0	0	0	0	0
143	230	0	0	0	0	0	0
144	231	0	0	0	1	0	0
145	232	0	0	1	1	1	0
146	233	0	1	0	0	0	0
146	234	0	0	0	0	0	0
146	235	0	0	0	0	0	0
147	236	0	0	0	0	0	0
148	237	0	0	0	0	0	0
149	238	0	1	1	0	0	1
150	239	0	0	0	0	0	0
151	240	0	0	0	0	0	0
151	241	0	0	0	0	0	1
151	242	0	0	0	0	0	0
151	243	0	0	0	0	0	0
151	244	0	0	0	1	1	1
151	245	0	0	0	1	0	0
151	246	0	0	0	0	0	0
151	247	0	0	0	0	0	0
151	248	0	0	0	1	0	1
151	249	0	0	0	1	0	0
151	250	0	0	0	1	0	1
152	251	0	0	0	0	0	0
153	252	0	0	0	1	0	0
154	253	0	0	0	0	0	0
154	254	0	0	0	1	0	0
154	255	0	0	0	1	0	0
154	256	0	0	0	1	0	0
154	257	0	0	0	1	0	0
154	258	0	0	0	0	0	0
154	259	0	0	0	1	0	0
155	260	0	0	0	1	1	0
155	261	0	0	0	1	1	0
156	262	0	0	0	0	1	0
157	263	0	0	0	1	0	0
158	264	0	0	0	0	0	0
158	265	0	0	0	0	0	0
159	266	0	0	0	1	0	0
159	.	0	0	0	.	.	.
160	267	0	0	0	0	0	0
161	268	0	0	0	0	0	0
162	269	0	0	0	0	1	0
163	270	0	1	0	1	0	1
163	271	0	1	0	0	0	0
163	272	0	0	0	0	0	0
164	273	0	0	0	0	0	0
165	274	0	0	0	1	1	0
166	275	0	0	0	1	0	0
167	276	0	0	0	0	0	0
168	277	0	0	0	0	0	0
169	278	0	0	0	1	1	0
170	279	0	0	0	0	0	0
170	280	0	0	0	0	0	0
171	281	0	0	0	0	0	0
172	282	0	0	0	0	1	0
173	283	0	0	0	1	0	0
174	284	0	0	1	0	0	0
175	285	0	0	1	1	0	1
176	286	0	0	0	0	0	0
177	287	0	0	0	0	0	1
178	288	0	0	0	0	0	0
179	289	0	0	0	0	0	0
180	290	0	0	0	0	0	0
181	291	0	0	0	1	0	0
181	292	0	0	0	1	0	0
181	293	0	0	0	0	0	0
182	294	0	0	0	0	0	0
183	295	0	0	0	1	0	0
183	296	0	0	0	1	0	0
184	297	1	0	1	0	0	0
185	298	0	0	0	1	0	0
185	299	0	0	0	1	0	0
186	300	0	0	0	0	0	0
187	301	0	0	0	0	0	0
188	302	0	0	0	0	0	0
188	303	0	0	0	0	0	0
188	304	0	0	0	0	0	0
188	305	0	0	0	0	0	0
189	306	0	0	0	0	0	0
190	307	0	0	0	0	0	0
191	308	0	0	0	0	0	0
192	309	0	0	0	0	0	0
192	310	0	0	0	0	0	0
193	311	0	0	0	1	0	0
194	312	0	0	0	0	0	0
195	313	0	0	0	0	0	1
196	314	0	0	0	0	0	0
197	315	0	0	0	0	0	0
198	316	0	0	1	0	0	1
199	317	0	0	0	1	0	0
200	318	0	0	0	0	0	0
201	319	0	0	0	0	1	0
202	320	0	0	0	0	0	0
203	321	0	0	0	0	0	0
203	322	0	0	0	0	0	0
203	323	0	0	0	0	0	0
203	324	0	0	0	0	0	0
204	325	0	0	0	0	0	0
205	326	0	0	0	0	0	0
206	327	0	0	0	0	0	0
207	328	0	0	0	0	0	0
208	329	0	0	0	0	0	0
208	330	0	0	0	0	0	0
209	331	0	0	0	1	0	0
210	332	0	0	0	1	0	0
211	333	0	0	0	1	0	0
212	334	0	0	0	0	0	0
213	335	0	0	0	1	0	0
213	336	0	0	0	0	0	0
213	337	0	0	0	0	0	0
214	338	0	0	0	1	.	0
215	339	0	0	1	0	0	0
215	340	0	0	1	0	0	0
216	341	0	0	0	1	0	0
217	342	0	0	0	0	0	0
218	343	0	0	0	0	0	0
219	344	0	0	0	0	1	0
220	345	0	0	0	1	0	1
220	346	0	0	0	1	0	0
221	347	0	0	0	0	0	0
222	348	0	0	0	0	0	0
223	349	0	0	1	0	0	0
224	350	0	0	0	0	0	0
225	351	0	0	0	1	0	0
226	352	0	0	0	0	0	0
227	353	0	0	1	1	0	0
227	354	0	0	0	1	0	0
228	355	0	0	0	0	0	0
229	356	0	0	0	0	0	0
230	357	0	1	1	1	0	0
231	358	0	0	0	0	0	0
232	359	0	0	1	0	0	0
233	360	0	0	0	1	1	0
234	361	0	0	0	0	0	0
235	362	0	0	0	0	0	0
236	363	0	0	1	0	0	0
237	364	0	0	0	0	0	0
238	365	1	0	1	1	1	1
238	366	1	1	1	1	1	1
238	367	1	0	1	1	1	1
238	368	0	1	1	1	1	1
239	369	0	0	0	0	1	1
240	370	1	1	1	1	1	0
240	371	0	0	0	0	1	0
240	372	0	0	0	1	1	0
241	373	0	0	0	0	0	0
241	374	0	0	0	0	0	0
242	375	0	1	0	0	0	1
242	376	0	1	1	0	0	1
243	377	0	0	0	1	1	0
243	378	0	0	0	1	1	0
243	379	0	0	1	1	1	0
243	380	0	0	0	1	1	0
243	381	0	0	0	1	1	0
243	382	1	1	0	1	1	0
243	383	0	0	0	1	1	0
243	384	0	0	0	1	1	0
243	385	0	1	1	1	1	0
243	386	0	0	0	1	0	0
243	387	1	1	1	1	1	0
243	388	0	0	0	1	1	0
243	389	0	0	1	1	1	0
243	390	0	1	1	1	1	0
244	391	0	1	0	1	0	0
245	392	0	0	0	0	0	0
245	393	0	0	1	0	0	0
246	394	0	0	0	0	0	1
247	395	0	0	0	0	0	0
248	396	0	0	0	0	0	1
249	397	0	1	0	0	0	1
250	398	0	0	0	1	0	0
250	399	0	0	0	1	0	0
251	400	0	0	0	1	0	0
252	401	0	0	0	1	0	0
253	402	0	0	0	0	0	0
254	403	0	1	0	0	1	0
255	404	0	0	0	0	0	0
255	405	0	0	0	0	0	0
256	406	0	0	0	1	0	0
256	407	0	0	0	1	0	0
257	408	0	0	0	0	0	0
258	409	0	0	0	0	0	0
258	410	0	0	0	0	0	0
258	411	0	0	0	0	0	0
259	412	0	0	0	1	0	0
259	413	0	0	0	1	0	0
260	414	0	0	0	0	0	0
261	415	0	0	0	0	0	0
261	416	0	0	0	0	0	0
262	417	0	0	0	0	0	0
263	418	0	0	0	0	0	0
263	419	0	0	0	0	0	0
264	420	1	1	0	1	0	0
265	421	0	0	0	0	0	0
266	422	1	0	1	1	1	0
266	423	0	0	1	1	1	0
266	424	0	0	0	0	0	0
266	425	0	0	0	0	0	0
266	426	0	1	1	0	1	0
266	427	0	0	1	0	1	0
266	428	0	1	0	0	1	0
266	429	0	0	1	1	0	0
266	430	0	0	0	0	1	0
266	431	0	0	0	0	1	0
266	432	0	1	0	0	1	0
266	433	0	0	1	1	1	1
266	434	0	0	0	1	1	1
266	435	0	1	0	1	1	0
266	436	0	0	1	0	1	0
266	437	0	0	0	0	0	0
266	438	0	0	1	0	1	0
266	439	0	0	1	1	1	0
266	440	0	0	0	0	1	0
266	441	0	0	0	1	1	1
266	442	0	0	0	1	0	0
266	443	0	0	0	0	1	0
267	444	0	0	0	1	1	0
267	445	0	0	0	0	0	0
268	446	0	0	0	0	1	0
269	447	1	0	0	1	1	0
269	448	0	0	0	0	1	0
270	449	0	0	0	0	0	0
271	450	0	0	0	0	0	0
272	451	0	0	0	0	0	0
273	452	0	0	0	0	0	0
274	453	0	0	0	0	0	0
275	454	0	0	0	0	0	0
275	455	0	0	0	0	0	0
276	456	0	0	0	0	0	0
277	457	1	1	1	0	0	0
278	458	0	0	0	1	0	0
279	459	0	0	0	1	0	0
280	460	0	1	0	0	0	0
281	461	0	0	0	1	0	0
282	462	0	0	0	0	0	0
283	463	0	0	0	0	0	0
284	464	0	0	0	1	0	0
285	465	0	0	0	1	0	0
286	466	0	0	0	0	0	0
287	.	0	0	0	.	.	.
288	467	0	0	0	0	0	0
289	468	0	0	0	1	0	0
290	469	0	0	0	0	0	0
291	470	0	0	0	0	0	0
292	471	0	0	0	1	0	0
293	472	0	0	0	0	0	0
294	473	0	0	0	1	.	0
295	474	0	0	0	1	0	0
296	475	0	0	0	0	0	0
297	476	0	0	0	0	0	0
298	477	0	0	0	1	0	0
299	478	0	0	0	0	0	0
300	479	0	0	0	0	0	0
301	480	0	1	1	1	0	0
301	481	1	0	0	1	1	0
301	482	0	0	0	1	0	0
301	483	0	0	1	1	1	0
301	484	0	0	1	1	1	0
301	485	0	0	0	0	0	0
302	486	0	0	0	0	0	0
303	487	0	0	0	0	1	0
304	488	0	0	0	0	0	0
305	489	0	0	0	0	0	0
305	490	0	0	0	0	0	0
306	491	0	0	0	0	0	0
307	492	0	0	0	0	0	0
308	493	0	0	0	0	0	0
308	494	0	0	0	0	0	0
308	495	0	0	0	1	0	0
308	496	0	0	0	0	0	0
309	497	0	0	0	0	0	0
310	498	0	0	0	1	0	0
311	499	0	0	1	0	0	0
311	500	0	0	0	0	0	0
312	501	0	0	1	0	0	0
312	502	0	0	0	0	0	0
313	503	0	0	1	1	0	0
314	504	0	0	0	1	0	0
315	97	0	0	0	.	.	.
315	102	0	0	0	.	.	.
315	103	0	0	0	.	.	.
315	98	0	0	0	.	.	.
315	101	0	0	0	.	.	.
315	99	0	0	0	.	.	.
315	100	0	0	0	.	.	.
316	505	0	0	0	1	0	0
317	506	0	0	1	0	0	0
318	507	0	0	0	0	0	0
318	508	0	0	0	0	0	0
319	509	0	0	0	0	0	0
320	510	0	0	0	1	0	0
321	511	0	0	1	0	0	0
322	512	0	0	0	1	0	0
323	513	0	0	0	1	0	0
324	514	0	0	0	0	0	0
325	515	0	0	1	0	0	0
326	516	0	0	0	0	0	0
327	517	0	0	0	0	1	0
328	518	0	0	0	1	1	0
328	519	0	0	0	1	1	0
329	520	0	0	0	0	0	0
330	521	0	0	0	1	0	0
331	522	0	0	1	1	0	0
332	523	0	0	0	1	0	0
333	524	0	0	0	0	0	1
334	525	0	0	0	0	0	0
335	526	0	0	0	0	0	0
336	527	0	0	0	0	0	0
337	528	0	0	0	0	0	0
338	529	0	0	0	0	0	0
339	530	0	0	0	0	0	0
340	531	0	0	0	0	1	0
341	532	0	1	1	1	0	0
342	533	0	0	0	0	0	0
343	534	0	0	0	0	0	0
344	535	0	0	0	0	0	0
345	536	0	0	0	0	1	0
346	537	0	0	0	0	0	0
347	538	1	1	0	0	0	0
348	539	0	0	0	0	0	0
349	540	0	0	0	0	0	0
350	541	0	0	0	1	0	0
351	542	0	0	0	0	0	0
352	543	0	0	0	0	0	0
353	544	0	0	0	0	1	0
354	545	0	0	0	1	0	1
355	546	0	0	0	1	0	0
356	547	0	0	0	1	0	1
357	548	0	0	0	1	0	0
358	549	1	1	1	0	0	0
359	550	0	0	0	1	0	0
360	551	0	0	0	1	0	0
361	552	0	0	0	0	0	0
362	553	1	1	1	0	0	0
363	554	0	0	0	0	1	0
364	555	0	0	0	0	0	0
365	556	0	0	0	0	1	0
366	557	0	0	0	0	0	0
367	558	0	0	0	0	0	0
368	559	0	1	0	0	0	0
369	560	0	0	0	0	0	0
370	561	0	0	0	0	0	0
370	562	0	0	0	0	0	0
371	563	0	0	0	1	0	0
372	564	0	0	0	0	0	0
373	565	0	0	0	1	0	0
374	566	0	0	1	0	0	0
375	567	0	1	0	0	0	0
376	568	0	0	0	1	0	1
377	569	0	0	0	0	0	0
378	570	0	1	0	0	0	0
379	571	0	0	0	0	0	0
379	572	0	0	0	0	0	0
380	573	0	0	0	0	0	0
381	574	0	0	0	0	0	0
382	575	0	0	0	1	0	0
383	576	0	0	0	0	0	0
384	577	0	0	0	0	1	0
385	578	0	0	0	0	0	0
386	579	0	0	0	0	0	0
387	580	1	0	0	1	0	0
388	581	0	0	1	1	0	0
389	582	0	0	0	1	0	0
390	583	0	0	0	0	1	0
391	584	0	0	0	1	0	0
392	585	0	0	0	1	0	0
393	586	0	0	0	1	0	0
394	587	0	0	0	0	1	0
395	588	0	0	0	0	0	0
396	589	0	0	0	0	0	0
397	590	0	0	0	1	1	0
398	591	0	0	0	0	0	0
398	592	0	0	0	0	0	0
398	593	0	0	0	0	0	0
399	594	0	0	0	0	0	0
400	595	0	0	0	1	0	0
401	596	0	0	0	0	0	0
401	597	0	0	0	0	0	0
402	598	0	0	0	0	0	0
403	599	0	0	0	0	0	0
404	600	0	0	0	0	0	0
405	601	0	0	0	0	0	0
406	602	0	1	1	0	0	0
407	603	0	0	0	1	1	0
408	604	0	0	0	0	0	0
409	605	0	0	1	1	0	0
410	606	1	1	0	0	0	0
411	607	0	1	0	0	0	0
412	608	0	0	0	0	1	0
413	609	0	0	0	0	1	0
414	610	0	1	0	0	0	0
415	611	0	0	0	0	1	0
416	612	0	0	0	0	1	0
417	613	0	0	0	0	0	0
418	614	0	0	0	0	0	0
419	615	0	0	0	0	0	0
420	616	0	1	0	0	0	0
421	617	0	1	0	0	0	0
422	618	0	1	1	0	0	0
423	619	0	1	1	0	0	0
424	620	0	0	0	0	0	0
425	621	0	1	1	0	0	0
425	622	0	0	0	0	0	0
425	623	0	0	0	0	0	0
425	624	0	0	0	0	0	0
426	625	0	0	0	0	0	0
427	626	0	0	0	1	0	0
428	627	0	0	0	1	0	0
429	628	0	0	0	0	1	0
430	629	0	0	0	1	0	0
431	630	0	0	0	0	0	0
432	631	0	0	0	0	1	0
433	632	0	0	0	0	0	0
434	633	0	0	0	0	0	0
435	634	0	0	0	0	1	0
436	635	0	0	0	0	1	0
437	636	0	0	0	0	0	0
438	637	0	0	0	0	0	0
439	638	0	0	0	1	0	0
439	639	0	0	0	1	1	0
439	640	0	0	0	1	0	0
439	641	0	0	0	1	1	0
439	642	0	0	0	1	0	0
439	643	0	0	0	1	1	0
439	644	0	0	0	1	1	0
439	645	0	0	0	1	0	0
439	646	0	0	0	1	1	0
440	647	0	0	0	0	0	0
441	648	0	0	0	0	0	0
442	649	0	0	0	0	0	0
443	650	0	0	0	0	0	0
444	651	0	0	0	1	1	0
445	652	0	0	0	0	0	0
446	653	0	0	0	0	0	0
447	654	0	0	0	0	0	0
448	655	0	0	0	0	0	0
449	656	0	0	0	1	1	0
449	657	0	0	0	1	1	0
450	658	0	0	0	0	1	0
450	659	0	0	0	0	1	0
450	660	0	0	0	0	1	0
450	661	0	0	0	0	1	0
450	662	0	0	0	0	0	0
451	663	0	0	0	0	0	0
452	664	0	0	0	0	0	0
453	665	0	0	0	1	0	0
453	666	0	0	0	0	0	0
453	667	0	0	0	0	0	0
454	668	0	0	0	0	0	0
455	669	0	0	0	1	0	0
456	670	0	0	0	0	1	0
457	671	0	0	0	0	1	0
457	672	0	0	0	0	1	0
458	673	0	0	0	1	1	0
458	674	0	0	0	0	1	0
458	675	0	0	0	1	1	0
458	676	0	0	0	1	1	0
458	677	0	0	1	1	1	0
458	678	0	0	0	1	1	0
458	679	0	0	0	1	1	0
459	680	0	0	0	1	1	1
459	681	1	1	1	1	1	1
459	682	0	1	1	1	1	1
460	683	0	0	0	1	1	0
460	684	0	0	0	1	1	0
460	685	0	0	0	1	1	0
460	686	0	0	0	1	1	0
460	687	0	0	0	1	1	0
460	688	0	0	0	1	1	0
460	689	0	0	0	1	1	0
460	690	0	0	0	1	1	0
461	691	0	0	0	1	1	1
461	692	0	0	0	1	1	0
461	693	0	0	0	1	1	0
461	694	0	0	0	1	1	0
461	695	0	0	0	1	1	1
461	696	0	0	0	1	1	0
462	697	0	0	0	1	1	1
462	698	0	0	0	1	0	0
462	699	0	0	0	1	0	0
462	700	0	0	0	1	0	0
462	701	0	0	0	1	0	0
463	702	0	0	0	0	1	0
464	703	0	1	0	0	1	0
464	704	0	0	0	0	0	0
464	705	0	0	0	1	0	0
464	706	0	0	0	1	1	0
464	707	0	0	0	1	1	0
464	708	0	0	0	0	1	0
464	709	0	0	0	0	1	0
464	710	0	0	0	0	1	0
464	711	0	0	0	0	1	0
464	712	0	0	0	0	1	0
464	713	0	0	0	0	1	0
464	714	0	0	0	1	1	0
464	715	0	0	0	0	0	0
464	716	0	0	0	0	1	0
464	717	0	0	0	0	1	0
464	718	0	0	0	0	1	0
464	719	1	0	0	1	0	0
464	720	0	0	0	0	1	0
464	721	0	0	0	0	0	0
464	722	0	0	0	1	1	0
464	723	0	0	0	0	1	0
465	724	0	0	1	0	0	0
465	725	1	1	1	0	1	0
465	726	0	0	0	0	1	0
465	727	0	0	1	0	1	0
465	728	0	0	0	0	1	0
465	729	0	0	0	0	1	0
465	730	0	0	0	0	1	0
465	731	1	0	1	0	1	0
465	732	0	1	1	0	0	0
465	733	0	0	0	0	0	0
465	734	0	0	0	0	1	0
465	735	0	1	1	0	0	0
465	736	0	0	0	0	1	0
466	737	0	0	0	1	1	0
466	738	0	0	0	1	1	0
467	739	0	0	1	1	1	0
467	740	0	0	1	1	1	0
467	741	0	0	0	1	1	0
467	742	0	0	0	1	1	0
467	743	0	0	0	1	1	0
467	744	0	0	0	1	1	0
467	745	0	1	1	1	1	0
467	746	0	0	0	0	1	0
468	747	0	1	0	1	1	0
469	748	0	1	1	1	1	0
469	749	0	0	0	1	1	1
469	750	0	0	0	1	1	1
469	751	0	0	0	1	0	0
469	752	0	0	0	1	0	0
469	753	0	1	0	1	1	1
469	754	0	0	0	1	1	1
469	755	0	0	0	1	1	0
469	756	0	0	0	0	1	0
469	757	0	0	0	1	1	1
469	758	0	0	0	1	1	1
469	759	0	0	0	1	1	0
469	760	0	0	0	0	0	0
469	761	0	0	0	1	0	0
469	762	0	1	1	1	1	1
469	763	0	0	0	1	0	0
469	764	0	0	0	1	1	1
469	765	0	0	0	1	1	0
469	766	0	0	0	0	1	0
469	767	0	1	1	1	1	1
469	768	0	0	0	1	1	0
469	769	0	0	0	1	1	0
469	770	1	0	0	1	1	1
469	771	0	0	0	1	1	1
469	772	0	0	0	1	1	0
469	773	0	0	0	0	0	0
469	774	0	0	0	1	0	0
469	775	0	1	1	1	0	1
469	776	0	0	0	1	1	0
469	777	0	0	0	1	1	0
469	778	0	0	0	0	1	0
469	779	0	0	0	1	1	0
469	780	0	0	0	1	1	1
469	781	0	0	0	1	1	1
469	782	0	1	0	1	1	0
469	783	0	0	0	0	1	0
469	784	0	0	0	1	0	0
469	785	0	0	0	1	1	0
469	786	0	0	0	1	1	0
469	787	0	0	0	1	0	0
469	788	0	0	0	1	1	0
469	789	0	1	0	1	1	0
469	790	0	0	0	1	1	1
470	791	1	0	0	1	0	0
470	792	0	0	0	0	0	0
470	793	0	0	0	1	0	0
470	794	0	0	0	1	0	0
470	795	0	1	0	1	0	0
470	796	0	0	0	1	0	0
470	797	0	0	0	1	0	0
471	798	0	0	0	1	1	0
472	799	1	1	0	1	1	0
473	800	0	0	0	0	0	0
474	801	0	0	1	0	1	1
475	802	0	0	0	1	1	0
475	803	0	0	1	0	1	0
475	804	0	0	0	1	1	0
475	805	0	0	0	0	1	0
475	806	0	0	0	0	0	0
476	807	0	0	0	0	1	0
476	808	0	0	0	0	1	0
476	809	0	0	0	0	1	0
476	810	0	0	0	0	1	0
476	811	0	0	0	0	1	0
477	812	0	0	0	1	1	0
477	813	0	0	0	1	1	0
477	814	0	0	0	1	1	0
477	815	0	0	0	1	1	0
477	816	0	0	0	1	1	0
477	817	0	0	0	1	1	0
477	818	0	0	0	0	1	0
477	819	0	0	0	1	1	0
477	820	0	0	0	1	1	0
477	821	0	0	0	1	1	0
477	822	0	0	0	0	0	0
477	823	0	0	0	1	1	0
477	824	0	0	0	0	0	0
478	825	1	1	1	0	1	1
478	826	0	1	1	0	1	1
478	827	1	1	1	0	1	1
478	828	0	0	0	0	1	1
478	829	1	1	1	0	1	1
478	830	0	1	1	0	1	1
478	831	0	1	1	0	1	1
478	832	0	0	0	0	1	1
478	833	0	0	0	0	1	1
479	834	0	0	0	0	0	0
480	835	0	0	0	0	0	1
480	836	0	0	0	0	0	0
481	837	0	0	0	0	0	0
482	838	0	0	1	1	1	0
482	839	0	0	0	0	1	0
482	840	0	0	1	1	1	0
482	841	0	0	1	0	1	0
482	842	0	0	0	0	1	0
482	843	0	0	0	0	1	0
482	844	0	1	1	0	1	0
482	845	1	1	1	1	1	0
483	846	0	0	0	0	0	0
483	847	0	0	0	0	0	0
484	848	0	1	1	0	1	0
484	849	0	0	0	1	1	0
484	850	0	1	1	0	1	0
484	851	0	0	1	0	1	0
484	852	0	1	1	0	1	0
484	853	0	0	0	0	1	0
484	854	0	0	0	0	1	0
484	855	0	0	1	0	1	0
484	.	0	0	0	.	.	.
484	856	0	1	1	0	1	0
484	857	0	0	1	0	1	0
484	858	0	0	0	0	1	0
484	859	0	1	1	0	1	0
484	860	0	0	0	0	1	0
484	861	0	0	1	0	1	0
484	862	0	1	1	0	1	0
484	863	0	0	0	1	1	0
484	864	0	1	1	0	1	0
484	865	0	0	0	0	1	0
484	866	0	1	1	0	1	0
484	867	0	0	1	1	1	0
484	868	0	0	0	0	1	0
484	869	0	0	1	0	1	0
484	870	0	0	0	1	1	0
484	871	0	0	0	0	0	0
485	872	0	0	1	1	1	0
485	873	0	0	0	1	1	0
486	874	0	0	0	0	0	0
487	875	0	0	0	1	1	0
487	876	0	0	0	1	1	0
487	877	0	0	0	1	1	0
488	878	0	0	0	1	0	0
488	879	0	0	0	1	0	0
488	880	0	1	1	1	0	0
488	881	0	0	0	0	0	0
488	882	0	0	0	0	0	0
488	883	0	0	1	0	0	0
488	884	0	0	0	1	0	0
488	885	0	0	0	1	0	0
488	886	0	0	0	1	0	0
488	887	0	1	1	1	0	0
488	888	0	0	0	0	0	0
488	889	0	0	0	1	0	0
488	890	0	0	0	1	0	0
488	891	0	0	0	0	0	0
488	892	0	1	1	1	0	0
488	893	0	0	0	0	0	0
489	894	1	1	0	0	1	0
489	895	1	1	0	1	1	0
489	896	1	1	0	0	1	0
489	897	1	1	0	0	1	0
489	898	1	1	1	0	1	0
489	899	1	1	0	0	1	0
489	900	1	1	1	0	1	0
489	901	1	1	1	0	1	0
489	902	1	1	1	1	1	0
489	903	1	1	1	1	1	0
489	904	1	1	0	1	1	0
489	905	1	0	1	0	1	0
490	906	1	0	1	1	1	0
490	907	0	0	0	1	1	0
490	908	0	0	0	0	1	0
490	909	0	0	0	0	1	0
490	910	0	0	0	0	1	0
490	911	0	0	0	0	1	0
490	912	0	1	0	0	1	0
490	913	0	0	0	0	1	0
490	914	0	0	0	0	1	0
490	915	0	0	0	0	1	0
490	916	0	0	0	0	0	0
491	917	0	0	0	1	1	1
491	918	0	0	0	1	1	1
491	919	0	0	0	1	1	0
492	920	0	0	0	0	1	1
492	921	0	0	1	1	1	1
492	922	0	0	0	0	1	0
492	923	0	0	0	0	0	1
492	924	0	0	0	0	1	1
492	925	0	0	0	0	1	1
492	926	0	1	1	1	1	1
493	927	0	0	0	1	0	0
493	928	0	0	0	1	0	0
494	929	0	0	0	1	1	0
494	930	0	0	0	1	1	0
494	931	0	0	0	1	1	0
495	932	0	0	1	0	0	1
495	933	0	0	1	1	0	0
495	934	0	0	0	0	0	0
495	935	0	0	0	0	0	0
496	936	0	0	0	1	1	0
496	937	0	0	0	1	1	0
496	938	0	0	0	0	1	0
496	939	0	0	0	1	1	0
496	940	0	0	0	1	1	0
496	941	0	0	0	1	1	0
496	942	0	0	0	1	1	0
496	943	0	0	0	1	1	0
496	944	0	0	0	1	1	0
497	945	0	0	0	1	0	0
497	946	0	0	0	1	0	0
497	947	0	0	0	1	0	0
497	.	0	0	0	.	.	.
498	948	0	0	0	0	0	0
498	949	0	1	0	1	0	0
499	950	0	1	1	1	1	1
499	951	0	0	0	0	1	0
499	952	1	1	0	1	1	1
499	953	0	0	0	0	1	0
499	954	0	0	1	0	1	0
499	955	0	0	0	0	1	0
499	956	0	0	1	1	0	0
499	957	0	0	0	0	1	0
499	958	0	1	0	0	1	0
499	959	0	0	0	0	1	0
499	960	0	0	0	0	1	0
499	961	0	1	0	0	1	0
499	962	0	1	0	0	1	0
499	963	0	0	0	0	1	0
499	964	0	1	1	1	1	0
499	965	0	0	0	0	1	0
499	966	0	0	0	0	1	0
499	967	0	0	0	0	1	0
499	968	0	1	0	0	1	0
499	969	0	0	0	0	1	0
499	970	0	1	1	1	1	0
499	971	0	1	1	1	1	1
499	972	0	0	1	0	1	0
499	973	0	0	1	0	1	0
499	974	0	0	0	0	1	0
499	975	0	0	1	0	1	0
499	976	0	0	0	0	1	0
499	977	0	1	1	1	1	0
499	978	0	0	0	0	1	0
499	979	0	0	1	1	1	1
499	980	0	1	0	0	1	0
499	981	0	1	1	1	1	0
499	982	0	1	0	0	1	0
499	983	0	0	0	0	1	0
499	984	0	1	1	1	1	0
499	985	0	0	0	0	1	0
499	986	0	0	1	1	1	0
499	987	0	0	0	1	1	1
499	988	0	0	0	0	1	0
499	989	0	0	0	0	0	0
499	990	0	0	0	0	0	0
500	991	0	0	1	1	1	0
500	992	0	0	1	1	1	0
500	993	0	0	1	1	1	0
500	994	0	0	1	1	1	0
500	995	0	0	1	1	1	0
500	996	0	0	1	1	1	0
500	997	0	0	1	1	1	0
500	998	0	0	1	1	1	0
500	999	0	0	1	1	1	0
500	1000	0	0	1	1	1	0
500	1001	0	0	1	1	1	0
500	1002	0	0	1	1	1	0
500	1003	0	0	1	1	1	0
500	1004	0	0	1	1	1	0
500	1005	0	0	1	1	1	0
500	1006	0	0	0	1	1	0
500	1007	0	0	1	1	1	0
501	1008	0	0	0	1	1	1
501	1009	0	0	0	1	1	0
501	1010	0	0	0	1	1	1
501	1011	0	0	0	1	1	0
501	1012	0	0	0	1	1	0
501	1013	0	0	0	1	1	0
501	1014	0	0	0	1	1	0
501	1015	0	0	0	1	1	0
501	1016	0	0	0	1	1	1
501	1017	0	0	0	1	0	0
501	1018	0	0	0	1	0	0
502	1019	0	0	0	1	0	0
502	1020	0	0	0	1	0	0
502	1021	0	0	0	0	0	0
503	1022	0	0	0	1	0	0
503	1023	0	0	0	1	0	0
504	1024	0	0	0	0	0	0
505	1025	0	0	0	1	1	0
505	1026	0	0	0	1	1	0
506	1027	0	0	0	0	1	0
506	1028	0	0	0	0	1	0
506	1029	0	0	0	0	1	0
506	1030	0	0	0	1	1	0
506	1031	0	0	0	0	1	0
506	1032	0	0	1	0	1	0
506	1033	0	0	1	0	1	0
506	1034	0	0	0	0	1	0
506	1035	0	0	0	1	1	0
506	1036	0	0	1	0	1	0
506	1037	0	0	0	0	1	0
506	1038	0	0	1	1	1	0
506	1039	0	0	0	1	1	0
506	1040	0	0	0	0	1	0
506	1041	0	0	0	0	1	0
507	1042	0	0	0	1	0	0
507	1043	0	0	0	1	0	0
507	1044	0	1	0	1	0	0
507	1045	0	0	0	1	0	0
507	1046	0	0	0	1	0	0
508	1047	0	0	0	0	0	0
508	1048	0	0	0	0	0	0
508	1049	0	0	0	0	0	0
508	1050	0	0	0	0	0	0
508	1051	0	0	0	0	0	0
508	1052	0	0	0	0	0	0
509	1053	0	0	0	1	1	1
509	1054	0	0	1	0	1	0
509	1055	0	0	0	0	1	0
509	1056	0	0	1	0	1	0
509	1057	0	0	0	0	1	0
509	1058	0	0	1	0	0	0
509	1059	0	0	1	0	1	0
509	1060	0	0	1	0	1	0
509	1061	0	0	1	0	1	0
509	1062	0	0	0	0	1	0
510	1063	1	0	0	0	0	0
511	1064	0	0	0	1	0	1
511	1065	0	0	0	0	0	0
511	1066	0	0	0	1	0	0
511	1067	0	0	0	0	0	1
511	1068	0	0	0	0	0	0
511	1069	0	0	0	0	0	0
511	1070	0	0	0	1	0	0
512	1071	0	0	0	1	1	0
512	1072	1	1	1	1	1	1
512	1073	0	0	0	1	1	0
512	1074	0	0	0	1	1	0
512	1075	0	0	0	0	1	0
512	1076	0	0	0	1	1	0
512	1077	0	0	0	1	1	1
512	1078	0	0	1	1	0	0
512	1079	0	0	0	0	1	0
512	1080	0	0	0	1	1	0
512	1081	1	1	1	0	1	0
513	1082	0	0	1	1	0	0
513	1083	0	0	0	0	1	0
513	1084	0	0	1	1	1	0
513	1085	0	0	1	1	1	0
513	1086	0	0	0	0	1	0
513	1087	0	0	1	1	1	0
513	1088	0	0	0	1	0	0
514	1089	0	0	0	1	0	0
514	1090	0	0	0	1	0	0
514	1091	0	0	0	0	0	0
515	1092	0	0	0	1	1	0
515	1093	0	0	1	1	1	0
515	1094	0	0	0	1	1	0
516	1095	0	0	0	0	0	0
517	1096	0	0	0	0	1	0
517	1097	0	0	0	0	1	0
517	1098	0	0	0	0	1	0
517	1099	0	0	0	0	1	0
517	1100	0	0	0	0	1	1
517	1101	0	0	0	0	1	0
517	1102	0	0	0	0	1	0
517	1103	0	0	0	1	1	1
517	1104	0	0	0	0	1	0
517	1105	0	0	0	0	1	0
517	1106	0	0	0	0	1	0
517	1107	0	0	0	0	1	0
517	1108	0	0	0	0	1	0
517	1109	0	0	0	0	1	0
517	1110	0	0	0	0	1	0
517	1111	0	0	0	0	1	0
517	1112	0	0	0	1	1	1
517	1113	0	0	0	0	1	0
517	1114	0	0	0	0	1	0
517	1115	0	0	0	0	1	0
517	1116	0	0	0	0	1	0
517	1117	0	0	0	0	1	0
517	1118	0	0	0	0	1	0
517	1119	0	0	0	0	1	0
517	1120	0	0	0	0	1	0
518	1121	0	0	0	0	0	0
518	1122	0	0	0	1	0	0
518	1123	0	0	0	0	0	0
518	1124	0	0	0	0	0	0
518	1125	0	0	0	1	0	0
518	1126	0	0	0	0	0	0
518	1127	0	0	0	0	0	0
518	1128	0	0	0	0	0	0
519	1129	0	0	0	1	1	1
519	1130	0	0	0	1	1	1
519	1131	0	0	0	1	0	1
519	1132	0	0	0	1	1	1
519	1133	0	0	0	1	1	1
519	1134	0	0	0	1	1	1
519	1135	0	0	0	1	1	1
519	1136	0	0	0	1	1	1
520	1137	0	0	0	1	1	0
520	1138	0	0	0	0	1	0
520	1139	0	0	0	1	1	0
520	1140	0	0	0	0	1	0
520	1141	0	0	0	1	1	0
520	1142	0	0	0	0	1	0
521	1143	0	0	0	0	1	0
521	1144	0	1	1	0	1	0
521	1145	0	1	1	0	1	0
521	1146	0	1	1	0	1	0
521	1147	0	0	1	0	1	0
521	1148	0	0	0	0	1	0
521	1149	0	1	1	0	1	0
521	1150	0	1	0	0	0	0
521	1151	0	0	0	0	1	0
521	1152	0	0	1	0	1	0
521	1153	0	1	1	0	1	0
521	1154	0	1	0	0	1	0
521	1155	0	1	1	0	1	0
521	1156	0	1	0	0	1	0
521	1157	0	0	0	0	1	0
522	1158	0	0	0	0	0	0
522	1159	0	0	0	1	0	0
523	1160	0	0	0	0	1	0
523	1161	0	0	0	0	1	0
523	1162	0	0	0	0	1	0
523	1163	0	0	0	0	1	0
523	1164	0	0	0	0	1	0
523	1165	0	0	0	0	1	0
523	1166	0	0	0	0	1	0
524	1167	0	0	0	0	1	0
524	1168	0	0	0	0	1	0
524	1169	0	0	0	0	1	0
524	1170	0	0	0	0	1	0
524	1171	0	0	0	0	1	0
524	1172	0	0	0	0	1	0
524	1173	0	0	0	0	1	0
524	1174	0	0	0	0	1	0
525	1175	1	0	1	0	0	0
526	1176	0	0	1	0	1	0
526	1177	0	0	0	0	1	0
526	1178	0	0	0	1	1	1
526	1179	0	0	0	1	1	1
527	1180	0	0	0	1	1	0
527	1181	0	0	0	1	1	0
527	1182	0	0	0	1	1	1
527	1183	0	0	0	1	1	0
527	1184	0	0	0	1	1	1
527	1185	0	0	0	1	1	0
527	1186	0	0	0	0	0	0
527	1187	0	0	0	1	1	0
527	1188	0	0	0	1	1	1
527	1189	0	0	0	1	1	0
527	1190	0	0	0	1	1	0
527	1191	0	0	0	1	1	0
527	1192	0	0	0	1	1	1
527	1193	0	0	0	1	1	0
527	1194	0	0	0	1	1	0
527	1195	0	0	0	1	1	0
527	1196	0	0	0	1	0	0
527	1197	0	0	0	1	1	0
528	1198	0	0	0	1	1	0
528	1199	0	0	0	1	1	1
528	1200	0	0	0	1	1	1
528	1201	0	0	0	1	1	0
528	1202	0	0	0	1	1	0
528	1203	0	0	0	1	1	1
528	1204	0	0	1	1	1	0
528	1205	0	0	0	1	1	0
528	1206	0	0	0	1	1	0
529	1207	0	0	0	1	1	0
529	1208	0	0	0	1	1	0
530	1209	0	1	1	0	0	1
530	1210	0	0	1	0	0	1
531	1211	1	0	0	0	0	0
532	1212	0	0	0	0	0	0
533	1213	0	0	1	0	0	0
533	1214	0	0	0	1	1	0
533	1215	0	0	0	0	0	0
533	1216	0	0	1	0	1	0
533	1217	0	0	0	1	1	1
533	1218	0	0	0	1	0	0
533	1219	0	0	1	1	1	0
533	1220	0	0	1	1	0	0
533	1221	0	0	0	1	1	0
533	1222	0	0	0	0	0	0
533	1223	0	0	1	1	1	1
533	1224	0	0	0	0	0	0
533	1225	0	0	0	0	1	0
533	1226	0	0	0	0	1	0
533	1227	0	0	0	1	1	0
533	1228	0	0	1	0	1	0
533	1229	0	0	1	1	1	1
533	1230	0	0	0	1	0	0
533	1231	0	0	0	1	1	0
533	1232	0	0	1	0	1	0
533	1233	0	0	0	1	1	0
533	1234	0	0	0	1	1	0
533	1235	0	0	0	0	0	0
533	1236	0	0	1	1	1	1
533	1237	0	0	1	1	1	1
533	1238	0	0	1	1	1	1
533	1239	0	0	0	0	1	0
533	1240	0	0	1	1	1	1
533	1241	0	0	1	0	1	0
533	1242	0	0	1	0	1	0
533	1243	0	0	0	1	0	0
533	1244	0	0	0	0	0	0
533	1245	0	0	1	1	1	0
533	1246	0	0	1	1	1	1
533	1247	0	0	0	0	1	0
533	1248	0	0	1	0	0	0
533	1249	0	0	0	0	1	0
533	1250	0	0	0	0	1	0
533	1251	0	0	0	1	1	0
533	1252	0	0	0	0	1	0
533	1253	0	0	1	1	1	0
533	1254	0	0	0	0	1	0
533	1255	0	0	0	0	1	0
533	1256	0	0	0	1	1	0
533	1257	0	0	1	1	1	1
533	1258	0	0	0	1	0	0
533	1259	0	0	0	0	0	0
533	1260	0	0	0	0	0	0
533	1261	0	0	0	0	0	0
533	1262	0	0	1	1	1	0
533	1263	0	0	1	1	1	1
533	1264	0	0	1	1	1	0
533	1265	0	0	0	1	1	0
533	1266	0	0	0	1	1	0
533	1267	0	0	1	1	1	0
533	1268	0	0	0	1	1	0
533	1269	0	0	0	1	1	0
533	1270	0	0	1	1	1	1
533	1271	0	0	0	1	0	0
533	1272	0	0	0	0	1	0
533	1273	0	0	1	1	1	0
533	1274	0	0	0	0	1	0
533	1275	0	0	0	0	1	0
533	1276	0	0	1	1	1	1
533	1277	0	0	0	1	0	1
533	1278	0	0	0	1	0	0
533	1279	0	0	1	1	1	0
533	1280	0	0	0	1	0	0
533	1281	0	0	0	0	1	0
533	1282	0	0	0	1	1	0
533	1283	0	0	0	0	1	0
533	1284	0	0	0	0	0	0
533	1285	0	0	0	0	0	0
533	1286	0	0	0	0	0	0
533	1287	0	0	0	0	0	0
533	1288	0	0	1	1	1	1
533	1289	0	0	0	0	0	0
533	1290	0	0	0	0	1	0
533	1277	0	0	0	0	0	0
533	.	0	0	0	.	.	.
533	.	0	0	0	.	.	.
533	.	0	0	0	.	.	.
533	.	0	0	0	.	.	.
533	.	0	0	0	.	.	.
534	1291	1	1	0	1	1	1
534	1292	0	0	0	0	1	1
534	1293	0	0	0	0	1	1
534	1294	0	1	0	0	1	1
535	1295	0	0	1	1	1	1
536	1296	0	0	0	0	0	0
537	1297	0	0	0	0	0	0
537	1298	0	0	0	0	0	0
537	1299	0	0	0	0	0	0
538	1300	0	0	0	0	0	0
539	1301	0	0	0	0	0	0
539	1302	0	0	0	1	0	0
539	1303	0	0	0	1	0	0
540	1304	0	0	0	1	0	0
541	1305	0	0	0	0	0	0
541	1306	0	0	0	0	0	0
542	1307	0	0	0	1	1	0
542	1308	0	0	0	1	1	0
542	1309	1	0	0	1	1	0
542	1310	0	0	0	1	1	0
543	1311	0	0	1	0	1	0
544	1312	0	0	0	1	0	0
544	1313	0	0	0	1	0	0
545	1314	0	0	0	0	0	0
546	1315	0	0	0	1	0	0
546	1316	0	0	0	1	0	0
546	1317	0	0	0	1	0	0
546	1318	0	0	0	1	0	1
546	1319	0	0	0	1	0	1
546	1320	0	0	0	1	0	0
546	1321	0	0	0	1	0	1
546	1322	0	0	0	1	0	0
546	1323	0	0	0	1	0	0
546	1324	0	0	0	1	0	0
547	1325	0	0	0	0	0	0
548	1326	0	1	0	0	1	1
548	1327	0	0	0	0	1	0
548	1328	0	1	0	0	1	0
548	1329	0	0	0	0	1	0
548	1330	0	0	0	0	1	0
548	.	0	0	0	.	.	.
549	1331	0	0	0	0	0	0
550	1332	0	0	0	0	0	0
551	1333	0	0	0	1	1	0
551	1334	0	1	1	1	1	1
551	1335	0	0	0	1	1	0
551	1336	0	0	0	1	1	0
551	1337	0	0	0	0	0	0
552	1338	0	0	1	0	0	0
553	1339	0	0	0	1	1	0
553	1340	0	0	0	1	1	0
553	1341	0	0	0	0	0	0
554	1342	0	0	0	0	1	1
554	1343	0	0	0	0	1	1
554	1344	0	0	0	0	1	0
554	1345	0	0	0	0	1	1
554	1346	0	0	0	0	1	1
554	1347	0	0	0	0	1	0
554	1348	0	0	0	0	1	0
554	1349	0	0	1	1	1	0
554	1350	0	0	0	0	1	1
554	1351	0	0	0	0	1	1
554	1352	0	0	0	0	1	0
554	1353	0	0	0	0	1	0
554	1354	0	0	0	0	1	1
554	1355	0	0	1	1	1	1
554	1356	0	0	1	1	1	1
554	1357	0	0	0	1	1	1
554	1358	0	0	0	0	1	0
554	1359	0	0	0	0	1	0
554	1360	0	0	0	0	1	1
554	1361	0	0	0	0	1	1
554	1362	0	0	0	0	1	0
554	1363	0	0	0	0	1	1
554	1364	0	0	0	1	1	0
554	1365	0	0	0	1	1	0
554	1366	0	0	0	0	1	0
554	1367	0	0	0	1	0	1
554	1368	0	0	0	1	1	1
554	1369	0	0	0	0	1	1
554	1370	0	0	0	0	1	1
554	1371	0	0	0	0	1	0
554	1372	0	0	0	0	1	1
554	1373	0	0	0	0	0	1
554	1374	0	0	0	0	1	1
554	1375	0	0	0	1	1	1
554	1376	0	0	0	0	1	0
554	1377	0	0	0	0	1	0
554	1378	0	0	0	1	1	1
554	1379	0	0	0	1	1	1
554	1380	0	0	0	0	1	0
554	1381	0	0	0	0	1	1
554	1382	0	0	0	0	1	0
554	1383	0	0	0	0	1	1
554	1384	0	0	0	1	0	0
554	1385	0	0	0	0	1	0
554	1386	0	0	0	1	1	1
555	1387	0	0	0	1	1	1
555	1388	0	0	0	0	1	1
555	1389	0	0	0	0	1	1
555	1390	0	0	0	0	1	1
555	1391	0	0	1	0	1	1
555	1392	0	0	0	0	0	0
556	1393	0	0	0	0	0	0
557	1394	0	0	0	1	0	0
558	1395	0	0	0	1	0	0
558	1396	0	0	0	1	0	1
558	1397	0	0	0	0	0	0
558	1398	0	0	0	0	0	0
558	1399	0	0	0	0	0	0
558	1400	0	0	0	0	0	0
559	1401	0	1	0	0	1	0
560	1402	0	0	0	0	0	0
561	1403	0	0	0	1	1	0
561	1404	0	0	0	1	1	0
561	1405	0	0	0	1	1	0
561	1406	0	0	0	1	1	0
561	1407	0	0	0	1	0	0
561	1408	0	0	0	1	1	0
561	1409	0	0	0	1	1	0
561	1410	0	0	0	1	1	0
561	1411	0	0	0	1	1	0
561	1412	0	0	0	1	1	0
561	1413	0	0	0	1	1	0
561	1414	0	0	0	1	1	0
562	1415	0	0	0	0	1	0
562	1416	0	0	0	0	1	0
562	1417	0	0	0	0	1	0
562	1418	0	0	1	1	1	1
562	1419	0	0	0	0	1	0
562	1420	0	1	1	0	1	0
562	1421	0	0	0	0	1	0
562	1422	0	0	0	0	1	0
562	1423	0	0	0	1	1	1
562	1424	0	0	0	0	1	0
562	1425	0	0	0	0	1	0
562	1426	0	0	0	0	1	0
562	1427	0	0	0	0	1	0
562	1428	0	0	0	1	1	1
562	1429	0	0	0	0	1	0
562	1430	0	0	1	0	1	0
562	1431	0	0	0	0	1	0
562	1432	0	0	0	0	1	0
562	1433	0	0	0	0	1	0
562	1434	0	0	0	0	1	0
562	1435	0	0	0	1	1	1
562	1436	0	0	0	0	1	0
562	1437	0	0	0	0	1	0
562	1438	0	0	0	0	1	0
562	1439	0	1	1	0	1	0
562	1440	0	0	0	0	1	0
562	1441	0	0	0	1	1	1
562	1442	0	0	0	0	1	0
562	1443	0	1	0	0	1	0
562	1444	0	1	0	0	1	0
562	1445	0	0	0	0	1	0
562	1446	0	0	0	0	1	0
562	1447	0	0	0	0	1	0
562	1448	0	0	0	0	0	0
562	1449	0	0	0	1	1	1
562	1450	0	0	0	1	0	1
562	1451	0	0	0	1	1	1
562	1452	0	0	0	0	1	0
562	1453	0	0	0	0	1	0
562	1454	0	0	0	0	1	0
562	1455	0	0	0	0	1	0
562	1456	0	0	0	0	1	0
562	1457	0	0	0	0	0	0
563	1458	0	1	1	0	1	1
563	1459	0	0	0	0	1	0
563	1460	0	1	1	0	1	0
563	1461	1	1	0	0	1	0
563	1462	1	1	1	0	1	0
563	1463	0	1	0	0	1	0
563	1464	1	1	1	0	1	1
563	1465	0	1	0	0	1	0
563	1466	1	1	1	0	1	0
563	1467	1	1	1	0	1	1
563	1468	0	0	0	0	1	0
563	1469	0	0	1	0	1	0
563	1471	0	0	0	0	1	0
563	1470	1	0	0	0	1	0
564	1472	0	0	0	1	1	1
564	1473	0	0	0	1	1	1
564	1474	0	0	1	1	1	1
564	1475	0	0	0	1	0	1
564	1476	0	0	1	1	1	1
564	1477	0	0	0	1	1	1
564	1478	0	0	0	1	0	1
564	1479	0	0	1	1	1	1
564	1480	0	0	0	1	1	1
564	1481	0	0	0	1	0	1
564	1482	0	0	0	1	1	1
564	1483	0	0	0	1	0	0
564	1484	0	0	0	1	0	0
564	1485	0	1	0	1	1	1
564	1486	0	0	0	1	0	0
564	1487	0	0	0	1	0	0
564	1488	0	0	0	1	0	0
565	1489	0	1	0	0	0	0
566	1490	0	0	0	0	0	0
566	1491	0	0	0	1	0	0
566	1492	0	0	0	0	0	0
566	1493	0	0	0	0	0	0
567	1494	0	0	0	0	0	0
568	1495	0	0	0	1	0	0
568	1496	0	0	0	1	0	0
568	1497	0	0	0	1	0	0
568	1498	0	0	0	0	0	0
569	1499	0	0	0	1	0	0
570	1500	0	0	0	0	0	0
570	1501	0	0	0	0	1	0
570	1502	0	0	0	0	1	0
570	1503	0	0	0	1	1	1
570	1504	0	0	0	1	1	0
570	1505	0	0	0	0	1	0
570	1506	0	0	0	0	1	0
571	1507	0	0	0	1	1	0
571	1508	1	0	0	1	1	0
571	1509	0	0	1	1	1	0
572	1510	0	0	0	0	0	0
572	1511	0	0	0	0	0	0
573	1512	0	0	0	1	1	0
573	1513	0	0	1	1	1	0
573	1514	0	0	0	1	1	0
573	1515	0	0	0	1	1	0
573	1516	0	0	0	1	1	0
573	1517	0	0	0	1	0	0
573	1518	0	0	0	1	0	0
573	1519	0	0	0	0	0	0
573	1520	0	0	0	1	0	0
574	1521	0	0	0	1	1	0
574	1522	0	0	0	1	1	0
575	1523	0	0	1	0	0	0
575	1524	1	0	1	1	0	0
575	1525	0	0	1	0	0	0
575	1526	1	0	1	0	0	0
575	1527	0	0	0	0	0	0
576	1528	1	0	0	0	0	0
577	1529	0	0	0	1	0	0
577	1530	0	1	0	1	0	0
577	1531	0	0	0	0	0	0
578	1532	0	0	0	0	1	0
578	1533	0	0	0	0	0	0
578	1534	0	0	0	0	1	0
579	1535	0	0	0	0	0	0
579	1536	0	0	0	0	0	0
579	1537	0	0	0	0	0	0
579	1538	0	0	0	0	0	0
579	1539	0	0	0	0	0	0
579	1540	0	0	0	0	0	0
579	1541	0	0	0	0	0	0
579	1542	0	0	0	0	1	0
579	1543	0	0	0	0	0	0
579	1544	0	0	0	0	0	0
579	1545	0	0	0	0	0	0
579	1546	0	0	0	0	0	0
579	1547	0	0	1	0	0	0
579	1548	0	0	0	0	0	0
579	1549	0	0	0	0	0	0
579	1550	0	0	0	0	0	0
579	1551	0	0	0	0	0	0
579	1552	0	0	0	0	0	0
579	1553	0	0	0	0	0	0
579	.	0	0	0	.	.	.
579	.	0	0	0	.	.	.
579	.	0	0	0	.	.	.
579	.	0	0	0	.	.	.
579	.	0	0	0	.	.	.
579	.	0	0	0	.	.	.
579	.	0	0	0	.	.	.
579	.	0	0	0	.	.	.
580	1554	0	0	0	1	0	0
580	1555	0	0	0	1	0	0
580	1556	1	1	0	1	0	0
580	1557	0	0	0	0	0	0
581	1558	0	0	0	0	1	0
581	1559	0	0	0	1	1	0
581	1560	0	0	0	0	1	0
582	1561	0	0	0	1	0	0
582	1562	0	0	0	0	0	0
583	1563	0	0	0	1	0	0
583	1564	0	0	0	0	0	0
583	1565	1	1	1	1	0	1
583	1566	0	1	0	0	0	1
583	1567	0	0	0	0	0	0
583	1568	0	0	0	0	0	0
583	1569	0	0	0	0	0	0
584	1570	0	0	0	1	1	0
584	1571	0	1	1	1	0	1
584	1572	0	1	1	1	1	0
584	1573	0	0	0	1	0	0
584	1574	0	0	0	1	0	0
584	1575	0	1	1	1	1	0
584	1576	1	1	1	1	1	1
584	1577	1	0	0	1	1	0
585	1578	0	0	0	0	0	0
586	1579	0	0	0	0	0	0
587	1580	0	0	0	0	0	0
588	1581	0	0	0	1	0	1
588	1582	0	0	0	0	0	1
588	1583	0	0	0	1	1	0
588	1584	0	0	0	1	1	1
588	1585	0	0	0	1	0	1
589	1586	0	0	0	1	0	0
589	1587	0	0	0	0	0	0
590	1588	0	0	0	1	0	0
590	1589	0	0	1	1	0	0
590	1590	0	0	0	1	0	0
590	1591	0	0	0	1	0	0
590	1592	0	0	0	0	0	0
590	1593	0	0	1	1	0	0
590	1594	0	0	0	1	0	0
590	1595	0	0	0	0	0	0
590	1596	0	0	0	0	0	0
590	1597	0	0	0	1	0	0
590	1598	0	0	0	0	0	0
590	1599	0	0	1	1	0	0
590	1600	0	0	0	0	0	0
590	1601	0	0	0	0	0	0
590	1602	0	0	0	0	0	0
590	1603	0	0	0	1	0	0
590	1604	0	0	0	0	0	0
590	1605	0	0	1	1	0	0
590	1606	0	0	0	0	0	0
590	1607	0	0	0	0	0	0
590	1608	0	0	0	1	0	0
590	1609	0	0	0	0	0	0
590	1610	0	0	0	0	0	0
590	1611	0	0	0	0	0	0
590	1612	0	0	0	0	0	0
590	1613	0	0	0	1	0	0
590	1614	0	0	0	1	0	0
590	1615	0	0	0	0	0	0
590	1616	0	0	0	1	0	0
590	1617	0	0	0	0	0	0
591	1618	0	0	0	0	0	0
591	1619	0	1	0	0	0	0
592	1620	0	0	0	0	0	0
593	1621	0	0	0	0	0	0
593	1622	1	1	1	1	1	1
593	1623	0	0	0	1	1	1
593	1624	0	0	0	0	0	0
593	1625	1	1	0	0	1	0
593	1626	0	0	0	0	0	0
593	1627	0	0	0	0	0	0
593	.	0	0	0	.	.	.
594	1628	0	0	0	0	1	0
594	1629	0	0	0	0	1	0
594	1630	0	0	0	1	1	1
594	1631	0	1	0	0	1	0
594	1632	1	1	0	1	1	1
594	1633	0	0	0	0	1	0
594	1634	0	0	0	0	1	0
594	1635	0	0	0	0	1	0
594	1636	0	0	1	1	1	1
594	1637	0	0	0	0	1	0
594	1638	0	1	0	0	1	0
594	1639	0	0	0	0	1	0
594	1640	1	1	0	1	1	1
594	1641	0	0	0	0	1	0
594	1642	0	0	0	0	1	0
594	1643	0	1	0	0	1	0
594	1644	0	0	1	1	1	1
594	1645	0	0	0	0	1	0
594	1646	1	1	1	1	1	1
594	1647	0	0	0	0	1	0
594	1648	0	0	0	0	1	0
594	1649	1	0	1	0	1	1
594	1650	0	0	0	1	1	0
594	1651	0	0	0	1	1	0
594	1652	0	0	0	0	1	0
594	1653	1	0	1	1	1	0
594	1654	1	1	0	1	1	0
594	1655	0	0	0	1	1	1
594	1656	0	1	1	1	1	0
594	1657	0	0	0	1	1	1
594	1658	0	0	1	1	1	0
594	1659	0	0	0	1	1	0
594	1660	0	0	0	0	0	0
594	1661	0	1	0	1	1	0
594	1662	0	0	0	0	1	0
594	1663	1	1	1	0	1	0
594	1664	0	0	0	0	1	0
594	1665	0	0	0	0	1	0
594	1666	0	0	0	0	1	0
595	1667	0	0	0	1	.	0
596	1668	0	0	0	0	1	0
596	1669	0	0	0	0	1	0
596	1670	0	0	0	1	1	0
596	1671	0	0	1	0	1	0
596	1672	0	0	0	0	1	0
596	1673	0	0	0	0	1	0
596	1674	0	0	0	0	1	0
597	1675	0	0	0	0	0	0
598	1676	0	0	0	0	1	0
598	1677	0	0	0	0	1	0
598	1678	0	0	1	0	1	0
598	1679	0	0	0	0	1	0
598	1680	0	0	0	0	1	0
599	1681	0	0	0	0	0	0
600	1682	0	0	0	1	1	0
600	1683	0	0	0	1	1	0
601	1684	0	0	0	0	1	0
601	1685	0	0	0	1	1	0
601	1686	0	0	1	0	1	0
601	1687	0	0	0	0	1	0
602	1688	0	0	0	1	0	0
603	1689	0	0	0	1	0	0
603	1690	0	0	1	1	1	0
603	1691	0	0	1	1	1	0
603	1692	0	0	0	1	1	0
603	1693	0	0	0	1	1	0
603	1694	0	0	0	1	1	0
603	1695	0	0	1	1	1	0
603	1696	0	0	1	1	1	0
603	1697	0	0	1	1	1	0
603	1698	0	0	1	1	1	0
603	1699	0	0	0	1	1	0
603	1700	0	0	0	1	1	0
603	1701	0	0	1	1	1	0
603	1702	0	0	1	1	1	0
603	1703	0	0	0	0	1	0
603	1704	0	0	0	1	1	0
603	1705	0	0	0	1	0	0
603	1706	0	0	1	1	1	0
603	1707	0	0	1	1	1	0
603	1708	0	0	1	1	1	0
603	1709	0	0	0	0	0	0
603	1710	0	0	1	1	1	0
604	1711	0	0	0	0	1	0
604	1712	0	0	0	1	0	0
604	1713	0	0	0	1	0	0
605	1714	0	0	0	1	1	0
605	1715	0	0	0	1	1	0
605	1716	0	0	0	1	1	0
605	1717	0	0	1	1	1	0
606	1718	0	0	0	1	1	0
606	1719	0	0	1	1	1	0
606	1720	0	0	1	1	1	0
606	1721	0	0	0	1	1	0
606	1722	0	0	1	1	1	1
606	1723	0	0	0	1	1	0
606	1724	0	0	0	1	1	0
606	1725	0	1	1	1	1	1
606	1726	0	0	0	1	1	0
606	1727	1	1	0	1	1	0
606	1728	0	0	1	1	1	0
606	1729	0	0	0	1	1	0
606	1730	0	0	1	1	1	0
606	1731	0	0	0	1	1	0
606	1732	0	0	0	1	1	0
606	1733	0	0	0	1	1	0
606	1734	0	1	0	1	1	0
606	1735	0	1	1	1	1	1
606	1736	0	0	0	0	1	0
606	1737	0	0	0	1	1	0
606	1738	0	0	0	1	0	0
606	.	0	0	0	.	.	.
607	1739	0	0	0	1	1	0
607	1740	0	0	0	1	1	0
607	1741	0	0	0	1	1	0
607	1742	0	0	0	1	1	0
607	1743	0	0	0	1	1	0
607	1744	0	0	0	1	1	0
607	1745	0	0	0	1	1	0
608	1746	0	0	0	0	0	0
608	1747	0	0	0	0	0	0
608	1748	0	0	0	0	0	0
608	1749	0	0	0	1	0	0
609	1750	0	0	0	0	0	0
610	1751	0	0	0	0	0	0
611	1752	0	1	1	1	0	0
611	1753	0	1	1	1	1	0
611	1754	0	1	1	1	1	0
611	1755	0	1	1	1	1	0
612	1756	0	0	0	1	1	0
612	1757	0	0	0	1	1	0
612	1758	0	0	0	1	1	0
612	1759	0	0	0	1	1	0
612	1760	0	0	0	1	1	0
612	1761	0	0	0	1	0	0
613	1762	0	0	0	0	0	0
613	1763	0	0	0	0	0	0
614	1764	1	0	1	1	0	0
614	1765	0	0	1	1	0	0
614	1766	0	0	0	1	0	0
615	1767	0	0	0	0	0	0
616	1768	0	0	0	1	0	0
616	1769	0	0	0	1	0	0
616	1770	0	0	0	0	0	0
616	1771	0	0	0	0	0	0
616	1772	0	0	0	0	0	0
616	1773	0	0	0	1	0	0
617	1774	0	0	0	1	0	0
617	1775	0	0	0	1	0	0
617	1776	0	0	0	1	0	1
617	1777	0	0	0	1	0	1
617	1778	0	0	1	1	1	0
617	1779	0	1	1	1	0	0
617	1780	0	1	1	1	1	0
617	1781	0	0	0	0	0	0
617	1782	0	0	0	1	0	0
617	1783	1	0	0	1	0	0
617	1784	0	0	1	1	0	1
617	1785	0	0	0	1	0	0
617	1786	0	0	0	1	0	0
617	1787	0	0	0	1	0	0
617	1788	0	1	1	1	0	0
617	1789	0	0	0	1	0	0
617	1790	0	1	0	1	0	0
617	1791	0	0	0	1	0	0
617	1792	0	0	0	1	0	0
617	1793	0	0	0	1	0	0
617	1794	0	0	0	1	0	0
617	1795	0	1	0	1	0	0
617	1796	0	0	0	1	0	0
617	1797	0	1	1	1	1	0
617	1798	0	0	0	1	0	0
617	1799	0	0	0	1	0	0
617	1800	0	0	0	1	1	0
617	1801	0	0	0	1	1	0
617	1802	0	0	0	1	0	0
617	1803	0	0	0	1	0	0
617	1804	1	0	0	1	0	0
617	1805	0	0	0	1	0	0
617	1806	0	0	1	1	0	1
617	1807	0	1	1	1	0	0
617	1808	0	1	1	1	0	0
617	1809	0	1	0	1	0	0
617	1810	0	0	0	1	1	0
617	1811	0	0	0	1	1	0
617	1812	0	0	1	1	0	0
617	1813	0	0	0	1	0	0
617	1814	0	0	0	1	1	0
617	1815	0	0	1	1	0	1
617	1816	0	0	0	1	0	0
617	1817	0	0	0	1	1	0
617	1818	0	0	0	1	0	0
617	1819	0	0	0	0	1	0
617	1820	0	0	0	1	0	0
617	1821	0	0	0	1	0	0
617	1822	0	0	0	1	0	0
617	1823	0	0	0	1	0	0
617	1824	0	0	0	1	0	0
617	1825	0	0	1	1	0	1
617	1826	0	0	0	1	0	0
617	1827	0	0	0	1	0	0
617	1828	0	1	0	1	0	0
617	1829	0	0	0	1	0	1
617	1830	0	0	0	1	0	0
617	1831	0	0	1	1	0	1
617	1832	0	0	0	1	0	0
617	1833	1	1	0	1	1	0
617	1834	0	0	0	1	0	0
617	1835	0	0	0	1	1	1
617	1836	0	0	0	1	0	0
617	1837	0	0	0	1	0	0
617	1838	0	0	0	1	0	0
617	1839	0	0	0	1	1	1
617	1840	0	0	1	1	1	1
617	1841	0	1	0	1	0	0
617	1842	0	1	1	1	0	0
617	1843	0	0	1	1	1	1
617	1844	0	0	0	1	0	0
617	1845	0	0	0	1	0	0
617	1846	0	0	0	1	0	0
617	1847	1	0	0	1	0	0
617	1848	0	0	0	1	0	0
617	1849	0	0	0	1	0	0
617	1850	0	0	0	1	1	0
617	1851	0	0	0	1	0	0
617	1852	0	0	0	1	0	0
617	1853	0	0	0	1	0	0
617	1854	0	0	0	1	0	0
617	1855	0	0	0	0	0	0
617	1856	0	0	0	1	0	0
617	1857	0	0	0	0	0	0
617	1858	0	0	0	1	0	0
617	1859	0	0	0	1	0	0
618	1860	0	0	0	1	1	0
618	1861	0	0	1	1	1	0
618	1862	0	0	1	1	1	0
619	1863	0	0	0	0	1	0
619	1864	0	0	0	0	1	0
619	1865	0	0	0	0	1	0
619	1866	0	0	0	0	1	0
619	1867	0	0	0	1	1	0
619	1868	0	0	0	0	1	0
619	1869	0	0	0	0	1	0
619	1870	0	0	0	0	1	0
619	1871	0	0	0	1	1	0
619	1872	0	0	0	0	1	0
619	1873	0	0	0	1	1	0
619	1874	0	0	0	0	1	0
619	1875	0	0	0	0	1	0
619	1876	0	0	0	0	1	0
619	1877	0	0	0	0	1	0
619	1878	0	0	0	1	1	0
619	1879	0	0	0	0	1	0
619	1880	0	0	0	1	1	0
619	1881	0	0	0	0	1	0
619	1882	0	0	0	0	1	0
620	1883	0	0	0	0	0	0
621	1884	0	0	0	1	1	0
622	1885	0	0	0	0	0	0
622	1886	0	0	1	0	0	0
622	1887	0	0	0	0	0	0
622	1888	0	0	1	0	0	0
622	1889	0	0	0	0	0	0
622	1890	0	0	1	0	0	0
622	1891	0	0	1	0	0	0
622	1892	0	0	1	0	0	0
622	1893	0	0	0	0	0	0
622	1894	0	0	1	0	0	0
622	1895	0	0	0	0	0	0
622	1896	0	0	0	0	0	0
622	1897	0	0	1	0	0	0
622	1898	0	0	1	0	0	0
622	1899	0	0	0	0	0	0
622	1900	0	1	1	0	0	0
622	1901	0	0	0	0	0	0
622	1902	0	0	1	0	0	0
622	1903	0	0	0	0	0	0
622	1904	0	0	0	0	0	0
622	1905	0	1	1	0	0	0
622	1906	0	0	1	0	0	0
622	1907	0	0	1	0	0	0
622	1908	0	0	1	0	0	0
622	1909	0	0	0	0	0	0
622	1910	0	0	0	0	0	0
622	1911	0	0	0	0	0	0
622	1912	0	0	0	0	0	0
622	1913	0	0	0	0	0	0
622	1914	0	0	0	0	0	0
622	1915	0	0	0	0	0	0
622	1916	0	0	1	0	0	0
623	1917	0	0	0	0	0	0
624	1918	0	0	0	0	0	0
625	1919	0	0	0	1	0	0
625	1920	0	0	0	0	0	0
625	1921	0	0	0	1	0	0
625	1922	0	0	0	0	1	0
625	1923	0	0	0	0	0	0
626	1924	0	1	1	1	0	0
626	1925	0	1	1	1	0	0
626	1926	0	0	0	1	0	0
626	1927	0	0	0	1	0	0
626	1928	0	0	0	0	0	0
627	1929	0	0	0	1	0	0
627	1930	0	0	0	1	1	1
627	1931	0	0	0	1	0	1
628	1932	0	1	1	1	0	1
628	1933	0	1	1	0	1	0
629	1934	0	1	0	1	0	0
629	1935	0	0	0	1	0	0
630	1936	0	0	0	0	1	0
630	1937	0	0	0	1	1	0
630	1938	0	0	0	1	0	0
630	1939	0	0	0	1	0	0
630	1940	0	0	0	1	1	0
630	1941	0	0	0	1	0	0
631	1942	0	0	0	1	0	0
631	1943	0	1	1	1	0	0
631	1944	0	1	1	1	0	0
631	1945	0	0	0	1	0	1
631	1946	0	0	1	1	0	0
632	1947	0	0	0	1	1	0
633	1948	0	0	0	0	0	0
633	1949	0	0	0	0	0	0
634	1950	0	0	0	0	0	0
635	1951	0	0	0	0	0	0
635	1952	0	0	0	1	0	0
635	1953	0	0	0	0	0	0
635	1954	0	0	0	1	0	1
635	1955	0	0	0	1	0	1
635	1956	0	0	0	1	0	0
635	1957	0	0	0	0	0	0
635	1958	0	0	1	1	0	0
635	1959	0	0	0	1	0	0
635	1960	0	0	0	1	0	0
635	1961	0	0	0	1	0	1
635	1962	0	0	0	1	0	0
635	1963	0	0	0	0	0	0
635	1964	0	0	0	1	0	0
635	1965	0	1	1	1	0	1
635	1966	0	0	0	1	0	1
635	1967	0	0	0	1	0	0
635	1968	0	0	0	0	0	0
636	1969	1	0	0	1	0	0
636	1970	0	0	0	1	1	1
636	1971	1	1	1	1	0	1
636	1972	0	0	1	1	0	1
636	1973	0	0	0	1	1	1
636	1974	1	0	0	1	1	1
637	1975	0	0	0	1	0	0
637	1976	0	0	0	1	0	0
637	1977	0	0	0	1	0	0
637	1978	0	0	0	0	0	0
638	1979	0	1	1	1	1	1
.	.	.	.	.	0	0	0
.	.	.	.	.	1	0	0
57	97	.	.	.	1	0	0
57	102	.	.	.	1	0	0
57	103	.	.	.	1	0	0
57	98	.	.	.	1	0	0
57	101	.	.	.	1	0	0
57	99	.	.	.	1	0	0
57	100	.	.	.	1	0	0
.	.	.	.	.	0	0	0
.	.	.	.	.	1	0	0
.	.	.	.	.	0	0	0
.	.	.	.	.	1	0	0
.	.	.	.	.	1	0	0
.	.	.	.	.	1	0	1
.	.	.	.	.	0	0	0
.	.	.	.	.	0	0	0
.	.	.	.	.	0	0	0
.	.	.	.	.	0	0	0
.	.	.	.	.	0	0	0
.	.	.	.	.	0	0	0
.	.	.	.	.	0	0	0
.	.	.	.	.	0	0	0
.	.	.	.	.	0	0	0
.	.	.	.	.	0	0	0
.	.	.	.	.	0	0	0
.	.	.	.	.	0	0	0
